223456789012345678901234567890123456789012345678901234567890123456789012345678901234567890123456789
223456789012345678901234567890123456789012345678901234567890123456789012345678901234567890123456789
223456789012345678901234567890123456789012345678901234567890123456789012345678901234567890123456789
223456789012345678901234567890123456789012345678901234567890123456789012345678901234567890123456789
223456789012345678901234567890123456789012345678901234567890123456789012345678901234567890123456789
223456789012345678901234567890123456789012345678901234567890123456789012345678901234567890123456789
223456789012345678901234567890123456789012345678901234567890123456789012345678901234567890123456789
223456789012345678901234567890123456789012345678901234567890123456789012345678901234567890123456789
223456789012345678901234567890123456789012345678901234567890123456789012345678901234567890123456789
223456789012345678901234567890123456789012345678901234567890123456789012345678901234567890123456789
223456789012345678901234567890123456789012345678901234567890123456789012345678901234567890123456789
223456789012345678901234567890123456789012345678901234567890123456789012345678901234567890123456789
223456789012345678901234567890123456789012345678901234567890123456789012345678901234567890123456789
223456789012345678901234567890123456789012345678901234567890123456789012345678901234567890123456789
223456789012345678901234567890123456789012345678901234567890123456789012345678901234567890123456789
223456789012345678901234567890123456